APIDS
900301960
900302036
900302829
900302771
900302902
900303812
900303815
900305665
900305677
900308250
900308415
900309392
900310996
900311583
900312561
900313271
900313294
900313220
900313510
900313619
900313638
900313649
900056576
900316066
900316876
900318141
900319866
900320093
900321486
900322163
900323793
900324788
900325673
900325692
900328899
900329686
900330372
900330384
900333398
900333765
900334765
900334845
900334909
900335935
900340139
900340643
900340654
900341250
900341268
900311633
900342491
900342805
900342904
900343034
900343053
900343364
900343755
900344259
900344682
900344686
900344693
900345027
900346169
900348913
900348937
900350194
900351256
900351534
900352007
900352035
900352055
900353165
900353866
900355623
900356049
900356689
900356863
900303304
900303132
900356981
900357207
900357433
900358256
900358666
900359337
900359598
900359911
900360662
900360577
900361482
900361712
900361880
900362162
900354983
900355049
900364954
900364829
900365955
900366776
900366841
900367527
900367745
900367752
900371782
900371789
900371965
900372443
900372841
900373748
900374206
900375520
900375607
900376111
900379088
900379794
900381164
900359859
900382967
900382984
900383816
900384280
900384241
900384828
900384788
900384850
900386955
900390233
900391170
900396281
900396250
900396762
900397006
900397019
900398440
900398538
900398557
900399658
900399927
900400726
900401432
900403114
900403440
900403712
900404424
900405463
900409721
900409533
900410942
900412867
900412843
900412920
900414255
900414601
900414851
900414970
900414979
900415158
900415718
900416593
900416627
900416649
900416948
900417464
900417485
900418563
900419778
900419909
900422355
900422399
900422959
900424771
900425204
900427994
900429310
900231476
900431133
900432933
900433133
900433140
900434186
900304155
900435080
900435643
900436340
900436360
900436964
900439245
900437572
900440988
900443449
900443479
900444046
900445337
900450415
900451178
900451181
900452401
900453793
900455249
900455927
900447844
900456481
900457142
900457808
900458365
900458594
900458612
900460642
900460885
900462768
900465246
900467226
900468125
900468878
900469073
900469429
900469488
900469502
900470188
900470317
900474290
900475289
900475629
900475911
900477390
900477761
900479146