CBPIDS
677540320
677539324
677532690
677535018
677532973
677535125
677538360
677534021
677536742
677537164
677537992
677538109
677535707
677538135
677532282
677537042
677532623
677538542
677529611
677534312
677536571
677539895
677537109
677537503
677537399
677538573
677540679
677541211
677538826
677532612
677540605
677540701
677540962
677541075
677528580
677534447
677538069
677535705
677535664
677539817
677531139
677538278
677536014
677534162
677536830
677534402
677535197
677536406
677538932
677538812
677539687
677539043
677537562
677537783
677537553
677534689
677534828
677532270
677533008
677530761
677533687
677532889
677534554
677536883
677535908
677534620
677536503
677536797
677533080
677539907
677533468
677533684
677538488
677538809
677534770
677536804
677536577
677536292
677539171
677533556
677541718
677537926
677534259
677526646
677531258
677538639
677539165
677539662
677539327
677530389
677533390
677530740
677537259
677533732
677531407
677532540
677539393
677526507
677531424
677532127
677536999
677535076
677542639
677538537
677537832
677539181
677537014
677539916
677538357
677533224
677534981
677532402
677535402
677534534
677542248
677534663
677541849
677534894
677534168
677532789
677535398
677533987
677533533
677536209
677534667
677535506
677536958
677539176
677533947
677534250
677534183
677534653
677532109
677536561
677540677
677541339
677542250
677542501
677534044
677532045
677538696
677541447
677536376
677541231
677534636
677537401
677541465
677534985
677534304
677535031
677537981
677533255
677533210
677536036
677534338
677535793
677534059
677536459
677541965
677536224
677537107
677529088
677538438
677543899
677528439
677534400
677534268
677539130
677539064
677539425
677542225
677538844
677539460
677538961
677529082
677531027
677540937
677536270
677533410
677539770
677540040
677535414
677542495
677541577
677537062
677538649
677542871
677538451
677541706
677535106
677539657
677535742
677535798
677534089
677532653
677535804
677536259
677536556
677533565
677532959
677541118
677533600
677533011
677531125